SignalApresFenteSortieJA ET SignalAttenueAvantFenteEntreeJA SANS Cross Talking
22-05-24 11:55:08

LongOnde 	SortieJA 	Ref	
633.000000	0.000000	0.091400
633.000671	0.000000	0.075378
633.001404	0.000000	0.062714
633.002075	0.000000	0.052338
633.002808	0.000000	0.047607
633.003479	0.000000	0.040131
633.004150	0.000000	0.034180
633.004883	0.000000	0.029602
633.005554	0.000000	0.025635
633.006226	0.000000	0.021973
633.006958	0.000000	0.019531
633.007629	0.000000	0.017090
633.008362	0.000000	0.015411
633.009033	0.000000	0.013580
633.009705	0.000000	0.012360
633.010437	0.000000	0.011139
633.011108	0.000000	0.010681
633.011780	0.000000	0.009613
633.012512	0.000000	0.009308
633.013184	0.000000	0.008240
633.013916	0.000000	0.007782
633.014587	0.000000	0.007477
633.015259	0.000000	0.007019
633.015991	0.000000	0.006714
633.016663	0.000000	0.007019
633.017334	0.000000	0.006256
633.018066	0.000000	0.005951
633.018738	0.000000	0.005646
633.019470	0.000000	0.005646
633.020142	0.000000	0.005341
633.020813	0.000000	0.005188
633.021545	0.000000	0.005341
633.022217	0.000000	0.005035
633.022888	0.000000	0.004883
633.023621	0.000000	0.004883
633.024292	0.000000	0.004730
633.025024	0.000000	0.004425
633.025696	0.000000	0.004578
633.026367	0.000000	0.004578
633.027100	0.000000	0.006256
633.027771	0.000000	0.005646
633.028442	0.000000	0.000000
633.029175	0.000000	0.000000
633.029846	0.000000	0.000000
633.030579	0.000000	0.000000
633.031250	0.000000	0.000000
633.031921	0.000000	0.000153
633.032654	0.000000	0.000763
633.033325	0.000000	0.001221
633.034058	0.000000	0.001526
633.034729	0.000000	0.001831
633.035400	0.000000	0.001984
633.036133	0.000000	0.002289
633.036804	0.000000	0.002441
633.037476	0.000000	0.003357
633.038208	0.000000	0.003357
633.038879	0.000000	0.001831
633.039612	0.000000	0.001984
633.040283	0.000000	0.002594
633.040955	0.000000	0.002899
633.041687	0.000000	0.003052
633.042358	0.000000	0.002899
633.043030	0.000000	0.002899
633.043762	0.000000	0.001831
633.044434	0.000000	0.002441
633.045166	0.000000	0.003052
633.045837	0.000000	0.003357
633.046509	0.000000	0.002747
633.047241	0.000000	0.002594
633.047913	0.000000	0.003052
633.048584	0.000000	0.002747
633.049316	0.000000	0.003204
633.049988	0.000000	0.003357
633.050720	0.000000	0.003204
633.051392	0.000000	0.003357
633.052063	0.000000	0.003204
633.052795	0.000000	0.003510
633.053467	0.000000	0.003357
633.054138	0.000000	0.002899
633.054871	0.000000	0.002747
633.055542	0.000000	0.002747
633.056274	0.000000	0.003052
633.056946	0.000000	0.003204
633.057617	0.000000	0.003510
633.058350	0.000000	0.003204
633.059021	0.000000	0.002899
633.059692	0.000000	0.002899
633.060425	0.000000	0.003052
633.061096	0.000000	0.002747
633.061829	0.000000	0.002747
633.062500	0.000000	0.002441
633.063171	0.000000	0.002594
633.063904	0.000000	0.002594
633.064575	0.000000	0.002289
633.065308	0.000000	0.002136
633.065979	0.000000	0.002289
633.066650	0.000000	0.002747
633.067383	0.000000	0.002289
633.068054	0.000000	0.002594
633.068726	0.000000	0.002899
633.069458	0.000000	0.002594
633.070129	0.000000	0.002899
633.070862	0.000000	0.003510
633.071533	0.000000	0.003357
633.072205	0.000000	0.003510
633.072937	0.000000	0.003510
633.073608	0.000000	0.003357
633.074280	0.000000	0.003510
633.075012	0.008545	0.003052
633.075684	0.008545	0.003204
633.076416	0.008087	0.005035
633.077087	0.016022	0.005035
633.077759	0.029297	0.004883
633.078491	0.023041	0.004120
633.079163	0.034485	0.004425
633.079834	0.054169	0.004272
633.080566	0.040131	0.004120
633.081238	0.082550	0.004425
633.081970	0.140839	0.004578
633.082642	0.136719	0.004425
633.083313	0.136108	0.004120
633.084045	0.160980	0.003357
633.084717	0.113678	0.003052
633.085388	0.168762	0.004272
633.086121	0.206451	0.004425
633.086792	0.213928	0.004272
633.087524	0.191498	0.003662
633.088196	0.221863	0.004120
633.088867	0.218201	0.003815
633.089600	0.225983	0.003662
633.090271	0.218658	0.003357
633.090942	0.218658	0.003510
633.091675	0.222931	0.003357
633.092346	0.194397	0.003662
633.093079	0.212250	0.003662
633.093750	0.192261	0.003204
633.094421	0.174866	0.002289
633.095154	0.139008	0.001984
633.095825	0.151978	0.004425
633.096558	0.130768	0.003357
633.097229	0.168762	0.003967
633.097900	0.093994	0.003357
633.098633	0.062103	0.003052
633.099304	0.023041	0.002441
633.099976	0.026550	0.002594
633.100708	0.028381	0.003052
633.101379	0.050659	0.003357
633.102112	0.000153	0.002899
633.102783	0.000000	0.002747
633.103455	0.000000	0.003662
633.104187	0.000000	0.003357
633.104858	0.000000	0.002899
633.105530	0.000000	0.003052
633.106262	0.000000	0.000000
633.106934	0.000000	0.000000
633.107666	0.000000	0.000000
633.108337	0.000000	0.000000
633.109009	0.000000	0.000000
633.109741	0.000000	0.000000
633.110413	0.000000	0.000000
633.111084	0.000000	0.000000
633.111816	0.000000	0.000000
633.112488	0.000000	0.000610
633.113220	0.000000	0.001068
633.113892	0.000000	0.001831
633.114563	0.000000	0.001373
633.115295	0.000000	0.001984
633.115967	0.000000	0.002136
633.116638	0.000000	0.002594
633.117371	0.000000	0.002289
633.118042	0.000000	0.002747
633.118774	0.000000	0.002747
633.119446	0.000000	0.002747
633.120117	0.000000	0.003052
633.120850	0.000000	0.003662
633.121521	0.000000	0.003510
633.122192	0.000000	0.003204
633.122925	0.000000	0.003357
633.123596	0.000000	0.003357
633.124329	0.000000	0.003357
633.125000	0.000000	0.002441
633.125671	0.000000	0.002594
633.126404	0.000000	0.002747
633.127075	0.000000	0.002594
633.127808	0.000000	0.002747
633.128479	0.000000	0.002441
633.129150	0.000000	0.001831
633.129883	0.000000	0.000000
633.130554	0.000000	0.000000
633.131226	0.000000	0.000610
633.131958	0.000000	0.000763
633.132629	0.000000	0.001221
633.133362	0.000000	0.001526
633.134033	0.000000	0.001678
633.134705	0.000000	0.001984
633.135437	0.000000	0.002289
633.136108	0.000000	0.003052
633.136780	0.000000	0.002441
633.137512	0.000000	0.003204
633.138184	0.000000	0.003052
633.138916	0.000000	0.002594
633.139587	0.000000	0.002747
633.140259	0.000000	0.000305
633.140991	0.000000	0.000916
633.141663	0.000000	0.001068
633.142334	0.000000	0.001526
633.143066	0.000000	0.001526
