SignalApresFenteSortieJA ET SignalAttenueAvantFenteEntreeJA SANS Cross Talking
22-05-24 11:54:16

LongOnde 	SortieJA 	Ref	
633.000000	0.000000	0.030212
633.000671	0.000000	0.025177
633.001404	0.000000	0.021667
633.002075	0.000000	0.018158
633.002808	0.000000	0.016327
633.003479	0.000000	0.014038
633.004150	0.000000	0.012360
633.004883	0.000000	0.010834
633.005554	0.000000	0.009766
633.006226	0.000000	0.009003
633.006958	0.000000	0.012207
633.007629	0.000000	0.010986
633.008362	0.000000	0.009918
633.009033	0.000000	0.009155
633.009705	0.000000	0.008240
633.010437	0.000000	0.007477
633.011108	0.000000	0.006866
633.011780	0.000000	0.006409
633.012512	0.000000	0.005951
633.013184	0.000000	0.005798
633.013916	0.000000	0.005341
633.014587	0.000000	0.001068
633.015259	0.000000	0.001831
633.015991	0.000000	0.001984
633.016663	0.000000	0.002441
633.017334	0.000000	0.002747
633.018066	0.000000	0.002747
633.018738	0.000000	0.002747
633.019470	0.000000	0.002747
633.020142	0.000000	0.002441
633.020813	0.000000	0.003204
633.021545	0.000000	0.003204
633.022217	0.000000	0.003967
633.022888	0.000000	0.003967
633.023621	0.000000	0.003967
633.024292	0.000000	0.003815
633.025024	0.000000	0.003662
633.025696	0.000000	0.003510
633.026367	0.000000	0.004730
633.027100	0.000000	0.004425
633.027771	0.000000	0.003967
633.028442	0.000000	0.003967
633.029175	0.000000	0.003967
633.029846	0.000000	0.004578
633.030579	0.000000	0.004425
633.031250	0.000000	0.004272
633.031921	0.000000	0.003967
633.032654	0.000000	0.004120
633.033325	0.000000	0.003967
633.034058	0.000000	0.003967
633.034729	0.000000	0.003815
633.035400	0.000000	0.003662
633.036133	0.000000	0.003662
633.036804	0.000000	0.003662
633.037476	0.000000	0.003204
633.038208	0.000000	0.003662
633.038879	0.000000	0.003052
633.039612	0.000000	0.003510
633.040283	0.000000	0.003510
633.040955	0.000000	0.003052
633.041687	0.000000	0.003204
633.042358	0.000000	0.003204
633.043030	0.000000	0.002899
633.043762	0.000000	0.002899
633.044434	0.000000	0.003204
633.045166	0.000000	0.003204
633.045837	0.000000	0.003204
633.046509	0.000000	0.003510
633.047241	0.000000	0.003052
633.047913	0.000000	0.003662
633.048584	0.000000	0.002899
633.049316	0.000000	0.003204
633.049988	0.000000	0.003204
633.050720	0.000000	0.003662
633.051392	0.000000	0.001984
633.052063	0.000000	0.002136
633.052795	0.000000	0.002441
633.053467	0.000000	0.002594
633.054138	0.000000	0.002899
633.054871	0.000000	0.002594
633.055542	0.000000	0.003052
633.056274	0.000000	0.002747
633.056946	0.000000	0.002594
633.057617	0.000000	0.003052
633.058350	0.000000	0.003204
633.059021	0.000000	0.002136
633.059692	0.000000	0.002441
633.060425	0.000000	0.002441
633.061096	0.000000	0.002594
633.061829	0.000000	0.002747
633.062500	0.000000	0.002899
633.063171	0.000000	0.002747
633.063904	0.000000	0.003357
633.064575	0.000000	0.002594
633.065308	0.000000	0.003052
633.065979	0.000000	0.002899
633.066650	0.000000	0.001526
633.067383	0.000000	0.001831
633.068054	0.000000	0.002136
633.068726	0.000000	0.002289
633.069458	0.000000	0.002289
633.070129	0.000000	0.002441
633.070862	0.000000	0.002747
633.071533	0.000000	0.003662
633.072205	0.000000	0.003815
633.072937	0.000000	0.003815
633.073608	0.000000	0.003510
633.074280	0.000000	0.008087
633.075012	0.000000	0.007172
633.075684	0.000000	0.006409
633.076416	0.000000	0.005951
633.077087	0.000000	0.005493
633.077759	0.003357	0.006866
633.078491	0.004883	0.006714
633.079163	0.022736	0.006104
633.079834	0.056000	0.006104
633.080566	0.060425	0.005341
633.081238	0.052185	0.004883
633.081970	0.064392	0.004883
633.082642	0.071716	0.004578
633.083313	0.117493	0.004578
633.084045	0.133820	0.004578
633.084717	0.140076	0.004730
633.085388	0.134277	0.004425
633.086121	0.143280	0.004120
633.086792	0.194397	0.004272
633.087524	0.173340	0.004272
633.088196	0.233002	0.004425
633.088867	0.235596	0.000153
633.089600	0.219421	0.000916
633.090271	0.246582	0.000916
633.090942	0.243683	0.001221
633.091675	0.245056	0.001678
633.092346	0.243683	0.000916
633.093079	0.246582	0.001068
633.093750	0.247498	0.001831
633.094421	0.233917	0.001526
633.095154	0.213318	0.002289
633.095825	0.242615	0.002594
633.096558	0.222778	0.008698
633.097229	0.149994	0.007019
633.097900	0.180664	0.006409
633.098633	0.104980	0.005798
633.099304	0.115356	0.005188
633.099976	0.139465	0.004425
633.100708	0.092163	0.003357
633.101379	0.054779	0.002899
633.102112	0.027313	0.002747
633.102783	0.019531	0.002594
633.103455	0.005646	0.002899
633.104187	0.027466	0.002136
633.104858	0.033569	0.002441
633.105530	0.006714	0.001984
633.106262	0.010986	0.001984
633.106934	0.000000	0.002136
633.107666	0.000000	0.002441
633.108337	0.000000	0.003815
633.109009	0.000000	0.003967
633.109741	0.000000	0.003510
633.110413	0.000000	0.003357
633.111084	0.000000	0.003357
633.111816	0.000000	0.003052
633.112488	0.000000	0.003052
633.113220	0.000000	0.003204
633.113892	0.000000	0.003204
633.114563	0.000000	0.003357
633.115295	0.000000	0.002899
633.115967	0.000000	0.006714
633.116638	0.000000	0.006104
633.117371	0.000000	0.005493
633.118042	0.000000	0.004883
633.118774	0.000000	0.004425
633.119446	0.000000	0.007019
633.120117	0.000000	0.006561
633.120850	0.000000	0.005951
633.121521	0.000000	0.005341
633.122192	0.000000	0.005035
633.122925	0.000000	0.004730
633.123596	0.000000	0.004425
633.124329	0.000000	0.004272
633.125000	0.000000	0.004120
633.125671	0.000000	0.003815
633.126404	0.000000	0.006561
633.127075	0.000000	0.005951
633.127808	0.000000	0.005493
633.128479	0.000000	0.005341
633.129150	0.000000	0.005035
633.129883	0.000000	0.004578
633.130554	0.000000	0.004272
633.131226	0.000000	0.004120
633.131958	0.000000	0.004120
633.132629	0.000000	0.004120
633.133362	0.000000	0.004272
633.134033	0.000000	0.003967
633.134705	0.000000	0.003815
633.135437	0.000000	0.003662
633.136108	0.000000	0.003510
633.136780	0.000000	0.003967
633.137512	0.000000	0.003815
633.138184	0.000000	0.003662
633.138916	0.000000	0.003510
633.139587	0.000000	0.003510
633.140259	0.000000	0.003967
633.140991	0.000000	0.003204
633.141663	0.000000	0.003357
633.142334	0.000000	0.003204
633.143066	0.000000	0.003204
633.143738	0.000000	0.003204
633.144470	0.000000	0.002899
633.145142	0.000000	0.002747
633.145813	0.000000	0.003052
633.146545	0.000000	0.003052
633.147217	0.000000	0.003204
633.147888	0.000000	0.003052
633.148621	0.000000	0.010071
633.149292	0.000000	0.008850
633.150024	0.000000	0.007782
633.150696	0.000000	0.007019
633.151367	0.000000	0.006561
633.152100	0.000000	0.006866
633.152771	0.000000	0.006104
633.153442	0.000000	0.005646
633.154175	0.000000	0.005035
633.154846	0.000000	0.004730
633.155579	0.000000	0.004578
633.156250	0.000000	0.003967
633.156921	0.000000	0.003967
633.157654	0.000000	0.003357
633.158325	0.000000	0.003662
633.159058	0.000000	0.002747
633.159729	0.000000	0.002441
633.160400	0.000000	0.003052
633.161133	0.000000	0.002747
633.161804	0.000000	0.002747
