SignalApresFenteSortieJA ET SignalAttenueAvantFenteEntreeJA SANS Cross Talking
22-05-23 18:37:46

LongOnde 	SortieJA 	Ref	
633.000000	0.000000	0.054321
633.000671	0.000000	0.041351
633.001404	0.000000	0.033875
633.002075	0.000000	0.027924
633.002808	0.000000	0.023193
633.003479	0.000000	0.019989
633.004150	0.000000	0.017242
633.004883	0.000000	0.015259
633.005554	0.000000	0.013428
633.006226	0.000000	0.012360
633.006958	0.000000	0.018005
633.007629	0.000000	0.015564
633.008362	0.000000	0.014038
633.009033	0.000000	0.012665
633.009705	0.000000	0.011444
633.010437	0.000000	0.010681
633.011108	0.000000	0.009766
633.011780	0.000000	0.009766
633.012512	0.000000	0.009155
633.013184	0.000000	0.008392
633.013916	0.000000	0.008087
633.014587	0.000000	0.007172
633.015259	0.000000	0.006866
633.015991	0.000000	0.006409
633.016663	0.000000	0.006256
633.017334	0.000000	0.005951
633.018066	0.000000	0.006104
633.018738	0.000000	0.005341
633.019470	0.000000	0.005493
633.020142	0.000000	0.005035
633.020813	0.000000	0.004883
633.021545	0.000000	0.004730
633.022217	0.000000	0.007019
633.022888	0.000000	0.006714
633.023621	0.000000	0.006409
633.024292	0.000000	0.005951
633.025024	0.000000	0.006104
633.025696	0.000000	0.006104
633.026367	0.000000	0.005341
633.027100	0.000000	0.005035
633.027771	0.000000	0.004883
633.028442	0.000000	0.004425
633.029175	0.000000	0.006409
633.029846	0.000000	0.005646
633.030579	0.000000	0.005341
633.031250	0.000000	0.004883
633.031921	0.000000	0.004425
633.032654	0.000000	0.004272
633.033325	0.000000	0.004120
633.034058	0.000000	0.003967
633.034729	0.000000	0.003967
633.035400	0.000000	0.003662
633.036133	0.000000	0.003510
633.036804	0.000000	0.003662
633.037476	0.000000	0.003510
633.038208	0.000000	0.003204
633.038879	0.000000	0.006104
633.039612	0.000458	0.006409
633.040283	0.005035	0.006409
633.040955	0.010223	0.005493
633.041687	0.023804	0.005188
633.042358	0.028687	0.004883
633.043030	0.014954	0.004578
633.043762	0.031281	0.004120
633.044434	0.020905	0.003815
633.045166	0.046844	0.006866
633.045837	0.050812	0.006714
633.046509	0.064545	0.006866
633.047241	0.085754	0.006104
633.047913	0.099640	0.005798
633.048584	0.088501	0.005341
633.049316	0.115814	0.005035
633.049988	0.123291	0.005035
633.050720	0.166779	0.001373
633.051392	0.161743	0.001221
633.052063	0.135193	0.001221
633.052795	0.167847	0.002136
633.053467	0.159607	0.002441
633.054138	0.171204	0.002441
633.054871	0.155334	0.002441
633.055542	0.163422	0.002594
633.056274	0.170288	0.002441
633.056946	0.158997	0.002441
633.057617	0.098114	0.001984
633.058350	0.144653	0.002441
633.059021	0.139313	0.002441
633.059692	0.100403	0.002289
633.060425	0.045929	0.002136
633.061096	0.110321	0.003204
633.061829	0.030212	0.002594
633.062500	0.049591	0.002594
633.063171	0.021057	0.002594
633.063904	0.032043	0.002899
633.064575	0.011749	0.002441
633.065308	0.014648	0.002594
633.065979	0.016174	0.002289
633.066650	0.000000	0.003510
633.067383	0.000000	0.003510
633.068054	0.000000	0.003357
633.068726	0.000000	0.003204
633.069458	0.000000	0.003510
633.070129	0.000000	0.003510
633.070862	0.000000	0.003357
633.071533	0.000000	0.003510
633.072205	0.000000	0.003052
633.072937	0.000000	0.005951
633.073608	0.000000	0.005493
633.074280	0.000000	0.004730
633.075012	0.000000	0.004578
633.075684	0.000000	0.004578
633.076416	0.000000	0.004272
633.077087	0.000000	0.004120
633.077759	0.000000	0.003967
633.078491	0.000000	0.002441
633.079163	0.000000	0.002441
633.079834	0.000000	0.002441
633.080566	0.000000	0.002594
633.081238	0.000000	0.003204
633.081970	0.000000	0.003052
633.082642	0.000000	0.003052
633.083313	0.000000	0.002899
633.084045	0.000000	0.003204
633.084717	0.000000	0.003662
633.085388	0.000000	0.005188
633.086121	0.000000	0.004883
633.086792	0.000000	0.004578
633.087524	0.000000	0.004272
633.088196	0.000000	0.003662
633.088867	0.000000	0.003510
633.089600	0.000000	0.003510
633.090271	0.000000	0.003357
633.090942	0.000000	0.001068
633.091675	0.000000	0.001526
633.092346	0.000000	0.001526
633.093079	0.000000	0.002136
633.093750	0.000000	0.002289
633.094421	0.000000	0.002441
633.095154	0.000000	0.002289
633.095825	0.000000	0.002136
633.096558	0.000000	0.002289
633.097229	0.000000	0.002289
633.097900	0.000000	0.002899
633.098633	0.000000	0.002899
633.099304	0.000000	0.002899
633.099976	0.000000	0.002899
633.100708	0.000000	0.002747
633.101379	0.000000	0.003204
633.102112	0.000000	0.003510
633.102783	0.000000	0.002899
633.103455	0.000000	0.003052
633.104187	0.000000	0.003357
633.104858	0.000000	0.003204
633.105530	0.000000	0.003662
633.106262	0.000000	0.007935
633.106934	0.000000	0.007019
633.107666	0.000000	0.006256
633.108337	0.000000	0.005646
633.109009	0.000000	0.005341
633.109741	0.000000	0.004883
633.110413	0.000000	0.004883
