SignalApresFenteSortieJA ET SignalAttenueAvantFenteEntreeJA SANS Cross Talking
22-05-23 18:35:39

LongOnde 	SortieJA 	Ref	
633.000000	0.000000	0.059357
632.999329	0.000000	0.048370
632.998596	0.000000	0.039825
632.997925	0.000000	0.032959
632.997192	0.000000	0.027924
632.996521	0.000000	0.023804
632.995850	0.000000	0.020142
632.995117	0.000000	0.017548
632.994446	0.000000	0.015717
632.993774	0.000000	0.014038
632.993042	0.000000	0.012360
632.992371	0.000000	0.011902
632.991638	0.000000	0.010223
632.990967	0.000000	0.009460
632.990295	0.000000	0.008850
632.989563	0.000000	0.008392
632.988892	0.000000	0.007629
632.988220	0.000000	0.007477
632.987488	0.000000	0.007172
632.986816	0.000000	0.006714
632.986084	0.000000	0.006409
632.985413	0.000000	0.006256
632.984741	0.000000	0.006256
632.984009	0.000000	0.006409
632.983337	0.000000	0.005951
632.982666	0.000000	0.006104
632.981934	0.000000	0.005646
632.981262	0.000000	0.005341
632.980530	0.000000	0.004883
632.979858	0.000000	0.004730
632.979187	0.000000	0.004578
632.978455	0.000000	0.004578
632.977783	0.000000	0.004120
632.977112	0.000000	0.004120
632.976379	0.000000	0.004578
632.975708	0.000000	0.004120
632.974976	0.000000	0.001221
632.974304	0.000000	0.000000
632.973633	0.000000	0.000000
632.972900	0.000000	0.000153
632.972229	0.000000	0.000916
632.971558	0.000000	0.000610
632.970825	0.000000	0.001373
632.970154	0.000000	0.001831
632.969421	0.000000	0.001526
632.968750	0.000000	0.001984
632.968079	0.000000	0.002136
632.967346	0.000000	0.002289
632.966675	0.000000	0.002136
632.965942	0.000000	0.002747
632.965271	0.000000	0.002441
632.964600	0.000000	0.003052
632.963867	0.000000	0.003052
632.963196	0.000000	0.002899
632.962524	0.000000	0.002899
632.961792	0.000000	0.002899
632.961121	0.000000	0.003510
632.960388	0.000000	0.003357
632.959717	0.000000	0.003510
632.959045	0.000000	0.003357
632.958313	0.000000	0.003662
632.957642	0.000000	0.003357
632.956970	0.000000	0.003510
632.956238	0.000000	0.003967
632.955566	0.000000	0.003662
632.954834	0.000000	0.004425
632.954163	0.000000	0.003662
632.953491	0.000000	0.000000
632.952759	0.000000	0.006104
632.952087	0.000000	0.009003
632.951416	0.000000	0.008087
632.950684	0.000000	0.007172
632.950012	0.000000	0.006866
632.949280	0.000000	0.006256
632.948608	0.000000	0.005798
632.947937	0.000000	0.005035
632.947205	0.000000	0.004883
632.946533	0.000000	0.004425
632.945862	0.000000	0.004730
632.945129	0.000000	0.004272
632.944458	0.000000	0.003967
632.943726	0.000000	0.003510
632.943054	0.000000	0.003815
632.942383	0.000000	0.003815
632.941650	0.000000	0.003510
632.940979	0.000000	0.003815
632.940308	0.000000	0.003510
632.939575	0.000000	0.003510
632.938904	0.000000	0.003357
632.938171	0.000000	0.003662
632.937500	0.000000	0.003204
632.936829	0.000000	0.003357
632.936096	0.000000	0.003357
632.935425	0.000000	0.003510
632.934692	0.000000	0.003357
632.934021	0.000000	0.003204
632.933350	0.000000	0.003357
632.932617	0.000000	0.003357
632.931946	0.000000	0.003357
632.931274	0.000000	0.003357
632.930542	0.000000	0.003357
632.929871	0.000000	0.003204
632.929138	0.000000	0.003204
632.928467	0.000000	0.003204
632.927795	0.000000	0.002899
632.927063	0.000000	0.002899
632.926392	0.000000	0.003204
632.925720	0.000000	0.003357
632.924988	0.000000	0.003052
632.924316	0.000000	0.003052
632.923584	0.000000	0.003052
632.922913	0.000000	0.003052
632.922241	0.000000	0.003357
632.921509	0.000000	0.003204
632.920837	0.000000	0.003204
632.920166	0.000000	0.003204
632.919434	0.003662	0.002899
632.918762	0.000000	0.003052
632.918030	0.023346	0.003204
632.917358	0.027771	0.003357
632.916687	0.050659	0.003510
632.915955	0.045776	0.003510
632.915283	0.045471	0.003815
632.914612	0.058594	0.003357
632.913879	0.054321	0.003357
632.913208	0.072784	0.003510
632.912476	0.072479	0.003662
632.911804	0.085907	0.003662
632.911133	0.120087	0.003967
632.910400	0.113220	0.003815
632.909729	0.155945	0.004120
632.909058	0.145416	0.003662
632.908325	0.131073	0.003510
632.907654	0.141449	0.003815
632.906921	0.167694	0.003967
632.906250	0.179443	0.004272
632.905579	0.187988	0.004425
632.904846	0.173950	0.004425
632.904175	0.184479	0.004272
632.903442	0.175629	0.004120
632.902771	0.181732	0.003815
632.902100	0.164795	0.003510
632.901367	0.121765	0.002899
632.900696	0.156708	0.003510
632.900024	0.136414	0.003052
632.899292	0.103149	0.002594
632.898621	0.088501	0.002441
632.897888	0.054169	0.002594
632.897217	0.027771	0.002441
632.896545	0.038147	0.002594
632.895813	0.083923	0.003204
632.895142	0.040588	0.003052
632.894470	0.025024	0.002747
632.893738	0.014648	0.002747
632.893066	0.009155	0.003052
632.892334	0.000000	0.002594
632.891663	0.000000	0.003052
632.890991	0.000000	0.016174
632.890259	0.000000	0.016479
632.889587	0.000000	0.014038
632.888916	0.000000	0.013123
632.888184	0.000000	0.012054
632.887512	0.000000	0.009766
632.886780	0.000000	0.008698
632.886108	0.000000	0.008087
632.885437	0.000000	0.007629
632.884705	0.000000	0.007019
632.884033	0.000000	0.006256
632.883362	0.000000	0.005951
632.882629	0.000000	0.005341
632.881958	0.000000	0.005035
632.881226	0.000000	0.005035
632.880554	0.000000	0.004425
632.879883	0.000000	0.004272
632.879150	0.000000	0.004272
632.878479	0.000000	0.003662
632.877808	0.000000	0.003815
632.877075	0.000000	0.003662
632.876404	0.000000	0.003510
632.875671	0.000000	0.003815
632.875000	0.000000	0.003510
632.874329	0.000000	0.003204
632.873596	0.000000	0.003204
632.872925	0.000000	0.003357
632.872192	0.000000	0.003357
632.871521	0.000000	0.003357
632.870850	0.000000	0.003357
632.870117	0.000000	0.003357
632.869446	0.000000	0.003204
632.868774	0.000000	0.003204
632.868042	0.000000	0.003357
632.867371	0.000000	0.003357
632.866638	0.000000	0.003204
632.865967	0.000000	0.003204
632.865295	0.000000	0.003052
632.864563	0.000000	0.003357
632.863892	0.000000	0.003357
632.863220	0.000000	0.003357
632.862488	0.000000	0.003204
632.861816	0.000000	0.003357
632.861084	0.000000	0.003204
632.860413	0.000000	0.003052
632.859741	0.000000	0.003052
632.859009	0.000000	0.003204
632.858337	0.000000	0.003204
632.857666	0.000000	0.002899
632.856934	0.000000	0.003052
632.856262	0.000000	0.003052
632.855530	0.000000	0.002899
632.854858	0.000000	0.003204
632.854187	0.000000	0.003052
632.853455	0.000000	0.003357
632.852783	0.000000	0.003052
632.852112	0.000000	0.003357
632.851379	0.000000	0.003204
632.850708	0.000000	0.002899
632.849976	0.000000	0.003052
632.849304	0.000000	0.003052
632.848633	0.000000	0.003357
632.847900	0.000000	0.003357
632.847229	0.000000	0.003357
632.846558	0.000000	0.002899
632.845825	0.000000	0.001984
632.845154	0.000000	0.002289
