SignalApresFenteSortieJA ET SignalAttenueAvantFenteEntreeJA SANS Cross Talking
22-05-23 18:34:54

LongOnde 	SortieJA 	Ref	
633.000000	0.000000	0.034180
632.999329	0.000000	0.028076
632.998596	0.000000	0.022888
632.997925	0.000000	0.019226
632.997192	0.000000	0.016632
632.996521	0.000000	0.014191
632.995850	0.000000	0.012512
632.995117	0.000000	0.010681
632.994446	0.000000	0.009918
632.993774	0.000000	0.008545
632.993042	0.000000	0.008087
632.992371	0.000000	0.007477
632.991638	0.000000	0.007172
632.990967	0.000000	0.006714
632.990295	0.000000	0.006104
632.989563	0.000000	0.005951
632.988892	0.000000	0.005646
632.988220	0.000000	0.005341
632.987488	0.000000	0.005188
632.986816	0.000000	0.005188
632.986084	0.000000	0.005035
632.985413	0.000000	0.004883
632.984741	0.000000	0.004578
632.984009	0.000000	0.004425
632.983337	0.000000	0.005035
632.982666	0.000000	0.004883
632.981934	0.000000	0.004578
632.981262	0.000000	0.004120
632.980530	0.000000	0.003967
632.979858	0.000000	0.004272
632.979187	0.000000	0.004120
632.978455	0.000000	0.000000
632.977783	0.000000	0.000000
632.977112	0.000000	0.000000
632.976379	0.000000	0.000000
632.975708	0.000000	0.000000
632.974976	0.000000	0.000000
632.974304	0.000000	0.000763
632.973633	0.000000	0.000916
632.972900	0.000000	0.001678
632.972229	0.000000	0.001984
632.971558	0.000000	0.001984
632.970825	0.000000	0.002289
632.970154	0.000000	0.002899
632.969421	0.000000	0.002594
632.968750	0.000000	0.002747
632.968079	0.000000	0.003052
632.967346	0.000000	0.003204
632.966675	0.000000	0.003204
632.965942	0.000000	0.003052
632.965271	0.000000	0.003204
632.964600	0.000000	0.002899
632.963867	0.000000	0.003052
632.963196	0.000000	0.002289
632.962524	0.000000	0.002289
632.961792	0.000000	0.002594
632.961121	0.000000	0.002594
632.960388	0.000000	0.002747
632.959717	0.000000	0.002747
632.959045	0.000000	0.002747
632.958313	0.000000	0.002899
632.957642	0.000000	0.003052
632.956970	0.000000	0.003204
632.956238	0.000000	0.003052
632.955566	0.000000	0.002899
632.954834	0.000000	0.003357
632.954163	0.000000	0.003052
632.953491	0.000000	0.002899
632.952759	0.000000	0.003052
632.952087	0.000000	0.003052
632.951416	0.000000	0.003204
632.950684	0.000000	0.003052
632.950012	0.000000	0.003662
632.949280	0.000000	0.004883
632.948608	0.000000	0.003510
632.947937	0.000000	0.003967
632.947205	0.000000	0.003967
632.946533	0.000000	0.003967
632.945862	0.000000	0.003815
632.945129	0.000000	0.003967
632.944458	0.000000	0.003662
632.943726	0.000000	0.003967
632.943054	0.000000	0.003510
632.942383	0.000000	0.003510
632.941650	0.000000	0.003815
632.940979	0.000000	0.003815
632.940308	0.000000	0.003662
632.939575	0.000000	0.003662
632.938904	0.000000	0.003510
632.938171	0.000000	0.003357
632.937500	0.000000	0.003204
632.936829	0.000000	0.003204
632.936096	0.000000	0.003357
632.935425	0.000000	0.003357
632.934692	0.000000	0.003357
632.934021	0.000000	0.003510
632.933350	0.000000	0.003357
632.932617	0.000000	0.003052
632.931946	0.000000	0.003052
632.931274	0.000000	0.003052
632.930542	0.000000	0.003052
632.929871	0.000000	0.003052
632.929138	0.000000	0.002747
632.928467	0.000000	0.015717
632.927795	0.000000	0.013885
632.927063	0.000000	0.014343
632.926392	0.000000	0.013733
632.925720	0.000000	0.013428
632.924988	0.000000	0.013275
632.924316	0.000000	0.011597
632.923584	0.001678	0.010071
632.922913	0.011292	0.008545
632.922241	0.003357	0.006866
632.921509	0.003662	0.005646
632.920837	0.032654	0.004272
632.920166	0.034790	0.004425
632.919434	0.037842	0.004730
632.918762	0.077209	0.004272
632.918030	0.060272	0.003815
632.917358	0.064392	0.002747
632.916687	0.099487	0.003967
632.915955	0.059662	0.003510
632.915283	0.106812	0.004120
632.914612	0.143890	0.004272
632.913879	0.152740	0.004120
632.913208	0.157318	0.003815
632.912476	0.160370	0.004272
632.911804	0.156097	0.003510
632.911133	0.167389	0.003357
632.910400	0.194092	0.003662
632.909729	0.190887	0.003510
632.909058	0.194092	0.003204
632.908325	0.176392	0.003357
632.907654	0.193024	0.003204
632.906921	0.179291	0.003204
632.906250	0.167847	0.003204
632.905579	0.145111	0.003815
632.904846	0.134583	0.003204
632.904175	0.148315	0.003662
632.903442	0.070801	0.002747
632.902771	0.090790	0.002899
632.902100	0.082550	0.003204
632.901367	0.082550	0.003510
632.900696	0.029907	0.002747
632.900024	0.031433	0.002899
632.899292	0.029297	0.003357
632.898621	0.022888	0.003052
632.897888	0.020905	0.002899
632.897217	0.006866	0.002747
632.896545	0.000000	0.002747
632.895813	0.000000	0.003052
632.895142	0.000000	0.002899
632.894470	0.000000	0.003052
632.893738	0.000000	0.002899
632.893066	0.000000	0.003052
632.892334	0.000000	0.005341
632.891663	0.000000	0.007324
632.890991	0.000000	0.006866
632.890259	0.000000	0.005798
632.889587	0.000000	0.004730
632.888916	0.000000	0.004272
632.888184	0.000000	0.004578
632.887512	0.000000	0.004272
632.886780	0.000000	0.004120
632.886108	0.000000	0.004120
632.885437	0.000000	0.003662
632.884705	0.000000	0.003510
632.884033	0.000000	0.003662
632.883362	0.000000	0.003510
632.882629	0.000000	0.003662
632.881958	0.000000	0.003357
632.881226	0.000000	0.003357
632.880554	0.000000	0.003204
632.879883	0.000000	0.003204
632.879150	0.000000	0.003357
632.878479	0.000000	0.003204
632.877808	0.000000	0.003357
632.877075	0.000000	0.003357
632.876404	0.000000	0.003357
632.875671	0.000000	0.003204
632.875000	0.000000	0.003204
632.874329	0.000000	0.003357
632.873596	0.000000	0.003052
632.872925	0.000000	0.003357
632.872192	0.000000	0.003204
632.871521	0.000000	0.003052
632.870850	0.000000	0.002899
632.870117	0.000000	0.003510
632.869446	0.000000	0.003357
632.868774	0.000000	0.003662
632.868042	0.000000	0.003510
632.867371	0.000000	0.003357
632.866638	0.000000	0.003510
632.865967	0.000000	0.003510
632.865295	0.000000	0.003204
632.864563	0.000000	0.003662
632.863892	0.000000	0.003510
632.863220	0.000000	0.003357
632.862488	0.000000	0.006409
632.861816	0.000000	0.005798
632.861084	0.000000	0.005646
632.860413	0.000000	0.004578
632.859741	0.000000	0.004883
632.859009	0.000000	0.004425
632.858337	0.000000	0.004425
632.857666	0.000000	0.004120
632.856934	0.000000	0.004120
632.856262	0.000000	0.003815
632.855530	0.000000	0.003815
632.854858	0.000000	0.003662
632.854187	0.000000	0.003967
632.853455	0.000000	0.003662
632.852783	0.000000	0.003662
632.852112	0.000000	0.003357
632.851379	0.000000	0.003052
632.850708	0.000000	0.003357
