SignalApresFenteSortieJA ET SignalAttenueAvantFenteEntreeJA SANS Cross Talking
22-05-23 18:36:59

LongOnde 	SortieJA 	Ref	
633.000000	0.000000	0.094299
632.999329	0.000000	0.078125
632.998596	0.000000	0.064392
632.997925	0.000000	0.052948
632.997192	0.000000	0.044403
632.996521	0.000000	0.037231
632.995850	0.000000	0.031433
632.995117	0.000000	0.026703
632.994446	0.000000	0.023346
632.993774	0.000000	0.020294
632.993042	0.000000	0.018311
632.992371	0.000000	0.016174
632.991638	0.000000	0.014343
632.990967	0.000000	0.013733
632.990295	0.000000	0.012665
632.989563	0.000000	0.011749
632.988892	0.000000	0.010986
632.988220	0.000000	0.010529
632.987488	0.000000	0.009613
632.986816	0.000000	0.008850
632.986084	0.000000	0.008698
632.985413	0.000000	0.007935
632.984741	0.000000	0.000000
632.984009	0.000000	0.000000
632.983337	0.000000	0.000000
632.982666	0.000000	0.000000
632.981934	0.000000	0.000000
632.981262	0.000000	0.000000
632.980530	0.000000	0.000000
632.979858	0.000000	0.000305
632.979187	0.000000	0.001068
632.978455	0.000000	0.004425
632.977783	0.000000	0.004425
632.977112	0.000000	0.004578
632.976379	0.000000	0.004883
632.975708	0.000000	0.004730
632.974976	0.000000	0.004272
632.974304	0.000000	0.004578
632.973633	0.000000	0.004120
632.972900	0.000000	0.005341
632.972229	0.000000	0.005798
632.971558	0.000000	0.005188
632.970825	0.000000	0.004730
632.970154	0.000000	0.004730
632.969421	0.000000	0.004883
632.968750	0.000000	0.004425
632.968079	0.000000	0.004730
632.967346	0.000000	0.004425
632.966675	0.000000	0.004272
632.965942	0.000000	0.003815
632.965271	0.000000	0.003815
632.964600	0.000000	0.003967
632.963867	0.000000	0.003815
632.963196	0.000000	0.003815
632.962524	0.000000	0.004120
632.961792	0.000000	0.004730
632.961121	0.000000	0.004578
632.960388	0.000000	0.003815
632.959717	0.000000	0.003815
632.959045	0.000000	0.003815
632.958313	0.000000	0.003510
632.957642	0.000000	0.003357
632.956970	0.000000	0.003357
632.956238	0.000000	0.003662
632.955566	0.000000	0.003357
632.954834	0.000000	0.003510
632.954163	0.000000	0.003357
632.953491	0.000000	0.003662
632.952759	0.000000	0.003357
632.952087	0.000000	0.003357
632.951416	0.000000	0.003662
632.950684	0.000000	0.003815
632.950012	0.000000	0.003052
632.949280	0.000000	0.003510
632.948608	0.000000	0.003204
632.947937	0.000000	0.003357
632.947205	0.000000	0.003510
632.946533	0.000000	0.003204
632.945862	0.000000	0.003204
632.945129	0.000000	0.003204
632.944458	0.000000	0.002594
632.943726	0.000000	0.002747
632.943054	0.000000	0.002899
632.942383	0.000000	0.002136
632.941650	0.000000	0.002136
632.940979	0.000000	0.002594
632.940308	0.000000	0.002747
632.939575	0.000000	0.002899
632.938904	0.000000	0.003052
632.938171	0.000000	0.002747
632.937500	0.000000	0.002594
632.936829	0.000000	0.002899
632.936096	0.000000	0.003357
632.935425	0.000000	0.001526
632.934692	0.000000	0.001831
632.934021	0.001221	0.002289
632.933350	0.041199	0.002747
632.932617	0.035706	0.002747
632.931946	0.021057	0.002441
632.931274	0.023193	0.002441
632.930542	0.064392	0.002747
632.929871	0.032806	0.002747
632.929138	0.066528	0.002136
632.928467	0.055695	0.002289
632.927795	0.094757	0.002899
632.927063	0.070801	0.002747
632.926392	0.119324	0.003204
632.925720	0.123901	0.003052
632.924988	0.140839	0.003204
632.924316	0.151520	0.003357
632.923584	0.158997	0.003052
632.922913	0.181580	0.001831
632.922241	0.172272	0.001678
632.921509	0.176697	0.001831
632.920837	0.182953	0.002136
632.920166	0.160065	0.002136
632.919434	0.162964	0.002594
632.918762	0.155640	0.002747
632.918030	0.177917	0.002594
632.917358	0.162048	0.002899
632.916687	0.148621	0.002441
632.915955	0.119781	0.001221
632.915283	0.107422	0.001526
632.914612	0.094452	0.001526
632.913879	0.088959	0.001831
632.913208	0.091248	0.002289
632.912476	0.014496	0.001678
632.911804	0.025940	0.001831
632.911133	0.008240	0.002136
632.910400	0.026245	0.002441
632.909729	0.016479	0.004425
632.909058	0.000000	0.004120
632.908325	0.000000	0.003967
632.907654	0.001068	0.003662
632.906921	0.003357	0.003662
632.906250	0.000000	0.003204
632.905579	0.000000	0.003204
632.904846	0.000000	0.003052
632.904175	0.000000	0.003204
632.903442	0.000000	0.000000
632.902771	0.000000	0.000000
632.902100	0.000000	0.000000
632.901367	0.000000	0.000305
632.900696	0.000000	0.000610
632.900024	0.000000	0.000916
632.899292	0.000000	0.001221
632.898621	0.000000	0.001678
632.897888	0.000000	0.005951
632.897217	0.000000	0.005341
632.896545	0.000000	0.004730
632.895813	0.000000	0.004883
632.895142	0.000000	0.004578
632.894470	0.000000	0.004425
632.893738	0.000000	0.004120
632.893066	0.000000	0.003510
632.892334	0.000000	0.003662
632.891663	0.000000	0.002594
632.890991	0.000000	0.003510
632.890259	0.000000	0.008698
632.889587	0.000000	0.007782
632.888916	0.000000	0.007324
632.888184	0.000000	0.006714
632.887512	0.000000	0.005951
632.886780	0.000000	0.005493
632.886108	0.000000	0.005646
632.885437	0.000000	0.005493
632.884705	0.000000	0.005646
632.884033	0.000000	0.005188
632.883362	0.000000	0.004578
632.882629	0.000000	0.004272
632.881958	0.000000	0.004425
632.881226	0.000000	0.003967
632.880554	0.000000	0.003967
632.879883	0.000000	0.003815
632.879150	0.000000	0.003662
632.878479	0.000000	0.003662
632.877808	0.000000	0.003052
632.877075	0.000000	0.003204
632.876404	0.000000	0.002136
632.875671	0.000000	0.004272
632.875000	0.000000	0.003967
632.874329	0.000000	0.003815
632.873596	0.000000	0.003662
632.872925	0.000000	0.003052
632.872192	0.000000	0.002289
632.871521	0.000000	0.002747
632.870850	0.000000	0.003052
632.870117	0.000000	0.002899
632.869446	0.000000	0.002747
632.868774	0.000000	0.003052
632.868042	0.000000	0.003204
632.867371	0.000000	0.000000
632.866638	0.000000	0.000000
