SignalApresFenteSortieJA ET SignalAttenueAvantFenteEntreeJA SANS Cross Talking
22-05-25 13:53:20

LongOnde 	SortieJA 	Ref	
633.000000	0.000000	0.024567
633.000671	0.000000	0.020752
633.001404	0.000000	0.020447
633.002075	0.000000	0.017548
633.002808	0.000000	0.014801
633.003479	0.000000	0.013275
633.004150	0.000000	0.011597
633.004883	0.000000	0.010376
633.005554	0.000000	0.009155
633.006226	0.000000	0.008087
633.006958	0.000000	0.007477
633.007629	0.000000	0.006104
633.008362	0.000000	0.005646
633.009033	0.000000	0.005341
633.009705	0.000000	0.000000
633.010437	0.000000	0.000000
633.011108	0.000000	0.000000
633.011780	0.000000	0.000305
633.012512	0.000000	0.000610
633.013184	0.000000	0.001068
633.013916	0.000000	0.001373
633.014587	0.000000	0.001526
633.015259	0.000000	0.002136
633.015991	0.000000	0.002441
633.016663	0.000000	0.002747
633.017334	0.000000	0.002747
633.018066	0.000000	0.002594
633.018738	0.000000	0.003052
633.019470	0.000000	0.003357
633.020142	0.000000	0.003204
633.020813	0.000000	0.003510
633.021545	0.000000	0.003204
633.022217	0.000000	0.003510
633.022888	0.000000	0.003510
633.023621	0.000000	0.003357
633.024292	0.000000	0.003357
633.025024	0.000000	0.003662
633.025696	0.000000	0.003204
633.026367	0.000000	0.003052
633.027100	0.000000	0.003357
633.027771	0.000000	0.002899
633.028442	0.000000	0.003052
633.029175	0.000000	0.003357
633.029846	0.000000	0.003357
633.030579	0.000000	0.003357
633.031250	0.000000	0.003510
633.031921	0.000000	0.003662
633.032654	0.000000	0.003510
633.033325	0.000000	0.003815
633.034058	0.001984	0.003815
633.034729	0.000000	0.003662
633.035400	0.010986	0.003967
633.036133	0.000153	0.003815
633.036804	0.016632	0.003967
633.037476	0.007019	0.003357
633.038208	0.043182	0.004425
633.038879	0.034790	0.003815
633.039612	0.056610	0.004272
633.040283	0.054474	0.003815
633.040955	0.050049	0.003815
633.041687	0.049591	0.003815
633.042358	0.059052	0.003662
633.043030	0.078888	0.003815
633.043762	0.061798	0.003357
633.044434	0.032654	0.003052
633.045166	0.067139	0.003662
633.045837	0.076294	0.003815
633.046509	0.085144	0.003510
633.047241	0.110626	0.003967
633.047913	0.102386	0.003662
633.048584	0.127106	0.003662
633.049316	0.184631	0.003815
633.049988	0.134125	0.003662
633.050720	0.124817	0.003662
633.051392	0.147400	0.003662
633.052063	0.193024	0.003967
633.052795	0.192108	0.004272
633.053467	0.203857	0.003967
633.054138	0.209198	0.003815
633.054871	0.219269	0.003967
633.055542	0.216675	0.004272
633.056274	0.222168	0.004120
633.056946	0.221252	0.004272
633.057617	0.225677	0.003967
633.058350	0.220795	0.003967
633.059021	0.226746	0.003815
633.059692	0.222473	0.003967
633.060425	0.193939	0.003662
633.061096	0.189056	0.003357
633.061829	0.215607	0.003967
633.062500	0.195923	0.000000
633.063171	0.183105	0.000000
633.063904	0.111694	0.000000
633.064575	0.113983	0.000000
633.065308	0.105438	0.000000
633.065979	0.058899	0.000153
633.066650	0.110321	0.001373
633.067383	0.077667	0.001221
633.068054	0.084534	0.001984
633.068726	0.064087	0.001831
633.069458	0.045319	0.001831
633.070129	0.022278	0.001831
633.070862	0.020447	0.002289
633.071533	0.024719	0.002441
633.072205	0.017090	0.002441
633.072937	0.008392	0.002441
633.073608	0.014801	0.002747
633.074280	0.006256	0.002594
633.075012	0.013123	0.002441
633.075684	0.016632	0.002594
633.076416	0.012970	0.002899
633.077087	0.000000	0.002747
633.077759	0.000000	0.002899
633.078491	0.000000	0.003052
633.079163	0.000000	0.002899
633.079834	0.000000	0.002899
633.080566	0.000000	0.002899
633.081238	0.000000	0.003204
633.081970	0.000000	0.003357
633.082642	0.000000	0.003357
633.083313	0.000000	0.003052
633.084045	0.000000	0.003052
633.084717	0.000000	0.002747
633.085388	0.000000	0.002899
633.086121	0.000000	0.003510
633.086792	0.000000	0.003204
633.087524	0.000000	0.003357
633.088196	0.000000	0.003815
633.088867	0.000000	0.003357
633.089600	0.000000	0.003815
633.090271	0.000000	0.004578
633.090942	0.000000	0.004578
633.091675	0.000000	0.004425
633.092346	0.000000	0.004425
633.093079	0.000000	0.004120
633.093750	0.000000	0.004272
633.094421	0.000000	0.003815
633.095154	0.000000	0.003967
633.095825	0.000000	0.003662
633.096558	0.000000	0.004272
633.097229	0.000000	0.003967
633.097900	0.000000	0.003662
633.098633	0.000000	0.000000
633.099304	0.000000	0.000000
633.099976	0.000000	0.000000
633.100708	0.000000	0.000000
633.101379	0.000000	0.000000
