SignalApresFenteSortieJA ET SignalAttenueAvantFenteEntreeJA SANS Cross Talking
22-05-23 17:55:24

LongOnde 	SortieJA 	Ref	
633.000000	0.000000	0.022888
633.000671	0.000000	0.019531
633.001404	0.000000	0.016327
633.002075	0.000000	0.014038
633.002808	0.000000	0.012207
633.003479	0.000000	0.010986
633.004150	0.000000	0.009613
633.004883	0.000000	0.008850
633.005554	0.000000	0.000000
633.006226	0.000000	0.000000
633.006958	0.000000	0.005646
633.007629	0.000000	0.015869
633.008362	0.000000	0.024414
633.009033	0.000000	0.021057
633.009705	0.000000	0.017548
633.010437	0.000000	0.000000
633.011108	0.000000	0.000000
633.011780	0.000000	0.000000
633.012512	0.000000	0.000000
633.013184	0.000000	0.000000
633.013916	0.000000	0.000000
633.014587	0.000000	0.000000
633.015259	0.000000	0.001373
633.015991	0.000000	0.001984
633.016663	0.000000	0.002441
633.017334	0.000000	0.002899
633.018066	0.000000	0.003357
633.018738	0.000000	0.003510
633.019470	0.000000	0.003357
633.020142	0.000000	0.003510
633.020813	0.000000	0.003510
633.021545	0.000000	0.003357
633.022217	0.000000	0.003510
633.022888	0.000000	0.003662
633.023621	0.000000	0.003510
633.024292	0.000000	0.003357
633.025024	0.000000	0.003357
633.025696	0.000000	0.003204
633.026367	0.000000	0.003662
633.027100	0.000000	0.003204
633.027771	0.000000	0.003510
633.028442	0.000000	0.010681
633.029175	0.000000	0.009003
633.029846	0.000000	0.007172
633.030579	0.000000	0.006714
633.031250	0.000000	0.006409
633.031921	0.000000	0.005341
633.032654	0.000000	0.005188
633.033325	0.000000	0.004730
633.034058	0.000000	0.004120
633.034729	0.000000	0.003967
633.035400	0.000000	0.003967
633.036133	0.000000	0.003967
633.036804	0.000000	0.003510
633.037476	0.000000	0.003967
633.038208	0.000000	0.003662
633.038879	0.000000	0.003204
633.039612	0.000000	0.003510
633.040283	0.000000	0.003357
633.040955	0.000000	0.003510
633.041687	0.000000	0.003510
633.042358	0.000000	0.003662
633.043030	0.000000	0.003357
633.043762	0.000000	0.003357
633.044434	0.000000	0.003662
633.045166	0.000000	0.003357
633.045837	0.000000	0.003204
633.046509	0.000000	0.003204
633.047241	0.000000	0.003357
633.047913	0.000000	0.003204
633.048584	0.000000	0.003052
633.049316	0.000000	0.003052
633.049988	0.000000	0.003204
633.050720	0.000000	0.004272
633.051392	0.000000	0.004425
633.052063	0.000000	0.004120
633.052795	0.000000	0.003815
633.053467	0.000000	0.003815
633.054138	0.000000	0.003662
633.054871	0.003662	0.009766
633.055542	0.012512	0.007935
633.056274	0.014038	0.009918
633.056946	0.025787	0.008087
633.057617	0.056152	0.007629
633.058350	0.019226	0.006409
633.059021	0.052338	0.006409
633.059692	0.083466	0.006104
633.060425	0.061035	0.005341
633.061096	0.074310	0.005188
633.061829	0.210571	0.005951
633.062500	0.107880	0.004883
633.063171	0.153656	0.005035
633.063904	0.271912	0.006256
633.064575	0.138092	0.004120
633.065308	0.210876	0.004730
633.065979	0.258484	0.004883
633.066650	0.310364	0.005341
633.067383	0.230255	0.004120
633.068054	0.352936	0.005493
633.068726	0.472412	0.006104
633.069458	0.391388	0.005188
633.070129	0.458221	0.005188
633.070862	0.467529	0.004883
633.071533	0.471802	0.005341
633.072205	0.563660	0.006561
633.072937	0.475311	0.004730
633.073608	0.586395	0.006561
633.074280	0.635681	0.008392
633.075012	0.615845	0.006714
633.075684	0.618286	0.006256
633.076416	0.604706	0.005798
633.077087	0.686951	0.005646
633.077759	0.679932	0.005951
633.078491	0.588837	0.004730
633.079163	0.599060	0.004578
633.079834	0.501709	0.003662
633.080566	0.400238	0.002441
633.081238	0.507355	0.003662
633.081970	0.523834	0.003967
633.082642	0.422516	0.002899
633.083313	0.346375	0.002289
633.084045	0.307922	0.002136
633.084717	0.225830	0.001678
633.085388	0.300598	0.002594
633.086121	0.340271	0.003204
633.086792	0.142365	0.001373
633.087524	0.126648	0.001373
633.088196	0.110626	0.001373
633.088867	0.090790	0.001526
633.089600	0.110321	0.002136
633.090271	0.036316	0.001221
633.090942	0.015259	0.000610
633.091675	0.000000	0.003815
633.092346	0.018616	0.003967
633.093079	0.000000	0.003510
633.093750	0.000000	0.003357
633.094421	0.000000	0.003357
633.095154	0.000000	0.003662
633.095825	0.000000	0.002899
633.096558	0.000000	0.002899
633.097229	0.000000	0.003052
633.097900	0.000000	0.003357
633.098633	0.000000	0.002899
633.099304	0.000000	0.002747
633.099976	0.000000	0.003204
633.100708	0.000000	0.003204
633.101379	0.000000	0.003357
633.102112	0.000000	0.003357
633.102783	0.000000	0.002899
633.103455	0.000000	0.003052
633.104187	0.000000	0.003052
633.104858	0.000000	0.003204
633.105530	0.000000	0.002747
633.106262	0.000000	0.004120
633.106934	0.000000	0.003204
633.107666	0.000000	0.003815
633.108337	0.000000	0.003204
633.109009	0.000000	0.003204
633.109741	0.000000	0.003204
633.110413	0.000000	0.003357
633.111084	0.000000	0.003357
633.111816	0.000000	0.003204
633.112488	0.000000	0.003204
633.113220	0.000000	0.003204
633.113892	0.000000	0.003357
633.114563	0.000000	0.003204
633.115295	0.000000	0.003357
633.115967	0.000000	0.003052
633.116638	0.000000	0.003357
633.117371	0.000000	0.002899
633.118042	0.000000	0.002899
633.118774	0.000000	0.003052
633.119446	0.000000	0.002899
633.120117	0.000000	0.003052
633.120850	0.000000	0.002747
633.121521	0.000000	0.003510
633.122192	0.000000	0.003204
633.122925	0.000000	0.003510
633.123596	0.000000	0.003815
633.124329	0.000000	0.003204
633.125000	0.000000	0.003510
633.125671	0.000000	0.004425
633.126404	0.000000	0.003662
633.127075	0.000000	0.003662
633.127808	0.000000	0.003357
633.128479	0.000000	0.003815
633.129150	0.000000	0.003662
633.129883	0.000000	0.003510
633.130554	0.000000	0.003815
633.131226	0.000000	0.003357
633.131958	0.000000	0.003357
633.132629	0.000000	0.003510
633.133362	0.000000	0.003204
633.134033	0.000000	0.003357
633.134705	0.000000	0.002747
633.135437	0.000000	0.002899
633.136108	0.000000	0.003052
633.136780	0.000000	0.003204
633.137512	0.000000	0.003510
633.138184	0.000000	0.003510
633.138916	0.000000	0.003204
