SignalApresFenteSortieJA ET SignalAttenueAvantFenteEntreeJA SANS Cross Talking
22-05-25 14:01:02

LongOnde 	SortieJA 	Ref	
633.000000	0.000000	0.059052
633.000671	0.000000	0.048523
633.001404	0.000000	0.040131
633.002075	0.000000	0.034180
633.002808	0.000000	0.028687
633.003479	0.000000	0.024567
633.004150	0.000000	0.021057
633.004883	0.000000	0.018158
633.005554	0.000000	0.019531
633.006226	0.000000	0.016937
633.006958	0.000000	0.014801
633.007629	0.000000	0.013580
633.008362	0.000000	0.011749
633.009033	0.000000	0.010986
633.009705	0.000000	0.010529
633.010437	0.000000	0.009460
633.011108	0.000000	0.009155
633.011780	0.000000	0.008392
633.012512	0.000000	0.007935
633.013184	0.000000	0.007324
633.013916	0.000000	0.007324
633.014587	0.000000	0.006866
633.015259	0.000000	0.006104
633.015991	0.000000	0.006561
633.016663	0.000000	0.005646
633.017334	0.000000	0.008240
633.018066	0.000000	0.007782
633.018738	0.000000	0.007172
633.019470	0.000000	0.006561
633.020142	0.000000	0.006104
633.020813	0.000000	0.005798
633.021545	0.000000	0.002899
633.022217	0.000000	0.002441
633.022888	0.000000	0.002747
633.023621	0.000000	0.003052
633.024292	0.000000	0.003052
633.025024	0.000000	0.003052
633.025696	0.000000	0.000000
633.026367	0.000000	0.000000
633.027100	0.000000	0.000000
633.027771	0.000000	0.000153
633.028442	0.000000	0.000763
633.029175	0.000000	0.001373
633.029846	0.000000	0.001678
633.030579	0.000000	0.002289
633.031250	0.000000	0.002441
633.031921	0.000000	0.002289
633.032654	0.000000	0.002747
633.033325	0.000000	0.002594
633.034058	0.000000	0.002899
633.034729	0.000000	0.002594
633.035400	0.000000	0.003052
633.036133	0.000000	0.002747
633.036804	0.000000	0.003052
633.037476	0.000000	0.003052
633.038208	0.000000	0.003052
633.038879	0.000000	0.005951
633.039612	0.000000	0.005341
633.040283	0.000000	0.005035
633.040955	0.000000	0.005035
633.041687	0.000000	0.004578
633.042358	0.000000	0.004425
633.043030	0.000000	0.004425
633.043762	0.000000	0.004120
633.044434	0.000000	0.004272
633.045166	0.000000	0.004120
633.045837	0.000000	0.003815
633.046509	0.000000	0.003815
633.047241	0.000000	0.003662
633.047913	0.000000	0.007172
633.048584	0.000000	0.006256
633.049316	0.000000	0.005798
633.049988	0.000000	0.005493
633.050720	0.000000	0.005035
633.051392	0.000000	0.004578
633.052063	0.000000	0.004425
633.052795	0.000000	0.007019
633.053467	0.000000	0.006714
633.054138	0.000000	0.005646
633.054871	0.000000	0.005493
633.055542	0.000000	0.005188
633.056274	0.000000	0.004578
633.056946	0.000000	0.004578
633.057617	0.000000	0.006561
633.058350	0.000000	0.006256
633.059021	0.000000	0.005341
633.059692	0.000000	0.005035
633.060425	0.000000	0.005035
633.061096	0.000000	0.004272
633.061829	0.000000	0.004272
633.062500	0.000000	0.004578
633.063171	0.000000	0.004425
633.063904	0.000000	0.004120
633.064575	0.000000	0.003967
633.065308	0.000000	0.003815
633.065979	0.000000	0.003662
633.066650	0.000000	0.004578
633.067383	0.000000	0.004272
633.068054	0.000000	0.004120
633.068726	0.000000	0.003662
633.069458	0.000000	0.003967
633.070129	0.000000	0.003967
633.070862	0.000000	0.002747
633.071533	0.000000	0.003357
633.072205	0.000000	0.003052
633.072937	0.000000	0.003052
633.073608	0.000000	0.003052
633.074280	0.000000	0.002899
633.075012	0.000000	0.005493
633.075684	0.000000	0.005035
633.076416	0.000000	0.004578
633.077087	0.000000	0.004120
633.077759	0.000000	0.004272
633.078491	0.000000	0.003815
633.079163	0.000000	0.004425
633.079834	0.000000	0.003967
633.080566	0.000000	0.003662
633.081238	0.000000	0.003662
633.081970	0.000000	0.003357
633.082642	0.000000	0.003204
633.083313	0.000000	0.003204
633.084045	0.000000	0.003662
633.084717	0.000000	0.003510
633.085388	0.000000	0.003815
633.086121	0.000000	0.003662
633.086792	0.000000	0.003815
633.087524	0.000000	0.003510
633.088196	0.000000	0.005188
633.088867	0.000000	0.004730
633.089600	0.000000	0.004730
633.090271	0.000000	0.004883
633.090942	0.000000	0.003967
633.091675	0.000000	0.004578
633.092346	0.000000	0.004425
633.093079	0.000000	0.006104
633.093750	0.000000	0.005188
633.094421	0.000000	0.004883
633.095154	0.000000	0.004578
633.095825	0.000000	0.004425
633.096558	0.000000	0.003815
633.097229	0.000000	0.005341
633.097900	0.000000	0.004730
633.098633	0.000000	0.004883
633.099304	0.000000	0.004425
633.099976	0.000000	0.004272
633.100708	0.000000	0.003967
633.101379	0.000000	0.006104
633.102112	0.000000	0.006714
633.102783	0.000000	0.005341
633.103455	0.000000	0.005188
633.104187	0.000000	0.005035
633.104858	0.000000	0.004272
633.105530	0.000000	0.002441
633.106262	0.000000	0.002594
633.106934	0.000000	0.003052
633.107666	0.000000	0.003204
633.108337	0.000000	0.003357
633.109009	0.000000	0.002747
633.109741	0.000000	0.005341
633.110413	0.000000	0.005188
633.111084	0.000000	0.004425
633.111816	0.000000	0.004883
633.112488	0.000000	0.004425
633.113220	0.000000	0.004425
633.113892	0.000000	0.004120
633.114563	0.000000	0.004120
633.115295	0.000000	0.003967
633.115967	0.000000	0.004120
633.116638	0.000000	0.003815
633.117371	0.000000	0.004120
633.118042	0.000000	0.003967
633.118774	0.000000	0.003967
633.119446	0.000000	0.004120
633.120117	0.000000	0.003662
633.120850	0.000000	0.003510
633.121521	0.000000	0.002136
633.122192	0.000000	0.002747
633.122925	0.000000	0.003052
633.123596	0.000000	0.003204
633.124329	0.000000	0.003052
633.125000	0.000000	0.003052
633.125671	0.000000	0.003052
633.126404	0.000000	0.006409
633.127075	0.000000	0.006256
633.127808	0.000000	0.005646
633.128479	0.000000	0.005188
633.129150	0.000000	0.004730
633.129883	0.000000	0.004578
633.130554	0.000000	0.004730
633.131226	0.000000	0.007019
633.131958	0.000000	0.006409
633.132629	0.000000	0.005798
633.133362	0.000000	0.005646
633.134033	0.000000	0.005035
633.134705	0.000000	0.004883
633.135437	0.000000	0.006714
633.136108	0.000000	0.005646
633.136780	0.000000	0.005341
633.137512	0.000000	0.005035
633.138184	0.000000	0.004883
633.138916	0.000000	0.016785
633.139587	0.000000	0.014648
633.140259	0.000000	0.012817
633.140991	0.000000	0.010834
633.141663	0.000000	0.009766
633.142334	0.000000	0.008698
633.143066	0.000000	0.008240
633.143738	0.000000	0.007629
633.144470	0.000000	0.006866
633.145142	0.000000	0.006409
633.145813	0.000000	0.005798
633.146545	0.000000	0.005341
633.147217	0.000000	0.006714
633.147888	0.000000	0.005646
633.148621	0.000000	0.005493
633.149292	0.000000	0.004883
633.150024	0.000000	0.004730
633.150696	0.000000	0.004120
633.151367	0.000000	0.004578
633.152100	0.000000	0.005341
633.152771	0.000000	0.004578
633.153442	0.000000	0.003662
633.154175	0.000000	0.004120
633.154846	0.000000	0.004272
633.155579	0.000000	0.003967
633.156250	0.000000	0.003967
633.156921	0.000000	0.004120
633.157654	0.000000	0.003967
633.158325	0.000000	0.003967
633.159058	0.000000	0.002899
633.159729	0.000000	0.002747
633.160400	0.000000	0.003052
633.161133	0.001221	0.003052
633.161804	0.000000	0.002899
633.162476	0.000000	0.003357
633.163208	0.000000	0.003357
633.163879	0.000000	0.002747
633.164612	0.000000	0.002899
633.165283	0.000000	0.003204
633.165955	0.000000	0.003052
633.166687	0.000000	0.003204
633.167358	0.009003	0.003357
633.168030	0.012360	0.004272
633.168762	0.023651	0.004425
633.169434	0.047760	0.004425
633.170166	0.005493	0.003815
633.170837	0.001221	0.003815
633.171509	0.004272	0.003815
633.172241	0.017090	0.005646
633.172913	0.039062	0.005493
633.173584	0.065765	0.005188
633.174316	0.054169	0.004883
633.174988	0.047760	0.004730
633.175720	0.067444	0.004425
633.176392	0.094604	0.003357
633.177063	0.097351	0.002899
633.177795	0.126190	0.003204
633.178467	0.142059	0.003204
633.179138	0.204010	0.004120
633.179871	0.143890	0.005951
633.180542	0.091248	0.004883
633.181274	0.083160	0.005035
633.181946	0.145569	0.005341
633.182617	0.117187	0.004730
633.183350	0.123444	0.005188
633.184021	0.168762	0.005188
633.184692	0.159149	0.004578
633.185425	0.140533	0.003967
633.186096	0.218964	0.004578
633.186829	0.186310	0.004272
633.187500	0.243835	0.004425
633.188171	0.232697	0.003967
633.188904	0.266876	0.004883
633.189575	0.267334	0.004272
633.190308	0.320282	0.004883
633.190979	0.309296	0.004730
633.191650	0.293579	0.004578
633.192383	0.333557	0.004730
633.193054	0.333862	0.004578
633.193726	0.336914	0.004730
633.194458	0.310669	0.003815
633.195129	0.329895	0.007172
633.195862	0.242004	0.005341
633.196533	0.255127	0.005035
633.197205	0.228729	0.004730
633.197937	0.228119	0.004120
633.198608	0.221558	0.004578
633.199280	0.236359	0.004883
633.200012	0.146484	0.003815
633.200684	0.192413	0.004272
633.201416	0.117493	0.003204
633.202087	0.188141	0.004120
633.202759	0.112610	0.003357
633.203491	0.113373	0.001678
633.204163	0.106201	0.002136
633.204834	0.040741	0.001373
633.205566	0.035248	0.002136
633.206238	0.051575	0.002289
633.206970	0.036621	0.002289
633.207642	0.013428	0.002289
633.208313	0.010986	0.001984
633.209045	0.040741	0.002136
633.209717	0.008545	0.002289
633.210388	0.013733	0.002594
633.211121	0.003510	0.002289
633.211792	0.001984	0.002441
633.212524	0.000000	0.002136
633.213196	0.000000	0.002289
633.213867	0.000000	0.002441
633.214600	0.000000	0.002594
633.215271	0.000000	0.002441
633.215942	0.000000	0.002899
633.216675	0.000000	0.000000
633.217346	0.000000	0.000000
633.218079	0.000000	0.000000
633.218750	0.000000	0.000000
633.219421	0.000000	0.000000
633.220154	0.000000	0.000000
633.220825	0.000000	0.000000
633.221558	0.000000	0.000000
633.222229	0.000000	0.000000
633.222900	0.000000	0.000000
633.223633	0.000000	0.000000
633.224304	0.000000	0.000610
633.224976	0.000000	0.001373
633.225708	0.000000	0.001678
633.226379	0.000000	0.002136
633.227112	0.000000	0.002899
633.227783	0.000000	0.003052
633.228455	0.000000	0.002441
633.229187	0.000000	0.002747
633.229858	0.000000	0.003662
633.230530	0.000000	0.003357
633.231262	0.000000	0.002747
633.231934	0.000000	0.002899
633.232666	0.000000	0.003052
633.233337	0.000000	0.003357
633.234009	0.000000	0.003357
633.234741	0.000000	0.023804
633.235413	0.000000	0.020447
633.236084	0.000000	0.017395
633.236816	0.000000	0.014496
633.237488	0.000000	0.012512
633.238220	0.000000	0.010834
633.238892	0.000000	0.009766
633.239563	0.000000	0.009460
633.240295	0.000000	0.008392
633.240967	0.000000	0.007629
633.241638	0.000000	0.006714
633.242371	0.000000	0.006561
633.243042	0.000000	0.005951
633.243774	0.000000	0.005341
633.244446	0.000000	0.005188
633.245117	0.000000	0.004578
633.245850	0.000000	0.004425
633.246521	0.000000	0.003967
633.247192	0.000000	0.003052
633.247925	0.000000	0.003052
633.248596	0.000000	0.003357
633.249329	0.000000	0.002594
633.250000	0.000000	0.002594
633.250671	0.000000	0.002594
633.251404	0.000000	0.002899
633.252075	0.000000	0.001221
633.252808	0.000000	0.001831
633.253479	0.000000	0.001984
633.254150	0.000000	0.002289
633.254883	0.000000	0.002594
633.255554	0.000000	0.002747
633.256226	0.000000	0.002594
633.256958	0.000000	0.002441
633.257629	0.000000	0.002289
633.258362	0.000000	0.002747
633.259033	0.000000	0.002594
633.259705	0.000000	0.002747
633.260437	0.000000	0.002899
633.261108	0.000000	0.002747
633.261780	0.000000	0.003510
633.262512	0.000000	0.003357
633.263184	0.000000	0.003357
633.263916	0.000000	0.003510
633.264587	0.000000	0.003204
633.265259	0.000000	0.003510
633.265991	0.000000	0.003662
633.266663	0.000000	0.003662
633.267334	0.000000	0.003204
633.268066	0.000000	0.003662
633.268738	0.000000	0.003510
633.269470	0.000000	0.003357
633.270142	0.000000	0.003510
633.270813	0.000000	0.003357
633.271545	0.000000	0.003204
633.272217	0.000000	0.003357
