SignalApresFenteSortieJA ET SignalAttenueAvantFenteEntreeJA SANS Cross Talking
22-05-24 11:47:25

LongOnde 	SortieJA 	Ref	
633.000000	0.000000	0.064697
633.000671	0.000000	0.053558
633.001404	0.000000	0.044556
633.002075	0.000000	0.037231
633.002808	0.000000	0.031586
633.003479	0.000000	0.026855
633.004150	0.000000	0.023346
633.004883	0.000000	0.020447
633.005554	0.000000	0.018158
633.006226	0.000000	0.015869
633.006958	0.000000	0.012360
633.007629	0.000000	0.010223
633.008362	0.000000	0.009918
633.009033	0.000000	0.009155
633.009705	0.000000	0.008392
633.010437	0.000000	0.007782
633.011108	0.000000	0.007324
633.011780	0.000000	0.007172
633.012512	0.000000	0.006714
633.013184	0.000000	0.006714
633.013916	0.000000	0.006561
633.014587	0.000000	0.006256
633.015259	0.000000	0.006104
633.015991	0.000000	0.006104
633.016663	0.000000	0.005646
633.017334	0.000000	0.005798
633.018066	0.000000	0.005493
633.018738	0.000000	0.005188
633.019470	0.000000	0.004578
633.020142	0.000000	0.004883
633.020813	0.000000	0.004425
633.021545	0.000000	0.004578
633.022217	0.000000	0.004272
633.022888	0.000000	0.004272
633.023621	0.000000	0.003815
633.024292	0.000000	0.003967
633.025024	0.000000	0.003967
633.025696	0.000000	0.007477
633.026367	0.000000	0.005951
633.027100	0.000000	0.005188
633.027771	0.000000	0.005035
633.028442	0.000000	0.004578
633.029175	0.000000	0.004578
633.029846	0.000000	0.004425
633.030579	0.000000	0.004272
633.031250	0.000000	0.003662
633.031921	0.000000	0.003815
633.032654	0.000000	0.003967
633.033325	0.000000	0.003815
633.034058	0.000000	0.003662
633.034729	0.000000	0.003815
633.035400	0.000000	0.003357
633.036133	0.000000	0.003662
633.036804	0.000000	0.003510
633.037476	0.000000	0.003815
633.038208	0.000000	0.003510
633.038879	0.000000	0.003662
633.039612	0.000000	0.003357
633.040283	0.000000	0.003204
633.040955	0.000000	0.003204
633.041687	0.000000	0.003357
633.042358	0.000000	0.003052
633.043030	0.000000	0.003510
633.043762	0.000000	0.003204
633.044434	0.000000	0.003204
633.045166	0.000000	0.003662
633.045837	0.000000	0.003510
633.046509	0.000000	0.003662
633.047241	0.000000	0.004883
633.047913	0.000000	0.003510
633.048584	0.000000	0.003204
633.049316	0.000000	0.002747
633.049988	0.000000	0.002441
633.050720	0.000000	0.003052
633.051392	0.000000	0.003204
633.052063	0.000000	0.002747
633.052795	0.000000	0.002899
633.053467	0.000000	0.002899
633.054138	0.000000	0.002899
633.054871	0.000000	0.002899
633.055542	0.000000	0.003204
633.056274	0.000000	0.003052
633.056946	0.000000	0.003052
633.057617	0.000000	0.003357
633.058350	0.000000	0.003052
633.059021	0.000000	0.003204
633.059692	0.000000	0.003357
633.060425	0.000000	0.003357
633.061096	0.000000	0.003357
633.061829	0.000000	0.003357
633.062500	0.000000	0.003204
633.063171	0.000000	0.003052
633.063904	0.000000	0.002899
633.064575	0.000000	0.003204
633.065308	0.000000	0.003204
633.065979	0.000000	0.003662
633.066650	0.000000	0.003357
633.067383	0.000000	0.003662
633.068054	0.000000	0.003662
633.068726	0.000000	0.009613
633.069458	0.000000	0.007324
633.070129	0.000000	0.006256
633.070862	0.000000	0.005493
633.071533	0.000000	0.005341
633.072205	0.000000	0.005035
633.072937	0.000000	0.004578
633.073608	0.000000	0.004272
633.074280	0.000000	0.004120
633.075012	0.000000	0.004120
633.075684	0.000000	0.004272
633.076416	0.000000	0.003967
633.077087	0.000000	0.003510
633.077759	0.000000	0.003662
633.078491	0.000000	0.003510
633.079163	0.000000	0.003510
633.079834	0.000000	0.003357
633.080566	0.000000	0.003662
633.081238	0.000000	0.003052
633.081970	0.000000	0.003357
633.082642	0.000000	0.003510
633.083313	0.000000	0.003510
633.084045	0.000000	0.003357
633.084717	0.000000	0.003510
633.085388	0.000000	0.003510
633.086121	0.000000	0.003662
633.086792	0.000000	0.003510
633.087524	0.000000	0.003967
633.088196	0.000000	0.000763
633.088867	0.000000	0.001831
633.089600	0.001831	0.002747
633.090271	0.004883	0.003204
633.090942	0.001068	0.003052
633.091675	0.013580	0.003204
633.092346	0.005646	0.003357
633.093079	0.019226	0.003510
633.093750	0.022125	0.003510
633.094421	0.034790	0.003662
633.095154	0.037231	0.003662
633.095825	0.054016	0.003662
633.096558	0.039825	0.003510
633.097229	0.036469	0.003815
633.097900	0.058594	0.003967
633.098633	0.074463	0.003662
633.099304	0.073700	0.003815
633.099976	0.094452	0.003967
633.100708	0.076599	0.003357
633.101379	0.105743	0.003662
633.102112	0.118256	0.003510
633.102783	0.120239	0.003815
633.103455	0.121460	0.003815
633.104187	0.121460	0.003357
633.104858	0.122681	0.003510
633.105530	0.124054	0.003357
633.106262	0.125275	0.003510
633.106934	0.115509	0.003052
633.107666	0.117645	0.001068
633.108337	0.113068	0.000458
633.109009	0.118713	0.002289
633.109741	0.097656	0.001984
633.110413	0.089722	0.001831
633.111084	0.084991	0.002136
633.111816	0.054016	0.001984
633.112488	0.046387	0.002289
633.113220	0.069733	0.002747
633.113892	0.039215	0.002289
633.114563	0.044556	0.002747
633.115295	0.005341	0.001984
633.115967	0.012207	0.002441
633.116638	0.012970	0.002441
633.117371	0.010376	0.002441
633.118042	0.000000	0.002747
633.118774	0.000000	0.002899
633.119446	0.000000	0.002594
633.120117	0.000000	0.002899
633.120850	0.000000	0.002899
633.121521	0.000000	0.003204
633.122192	0.000000	0.003052
633.122925	0.000000	0.002899
633.123596	0.000000	0.007935
633.124329	0.000000	0.006561
633.125000	0.000000	0.006104
633.125671	0.000000	0.005341
633.126404	0.000000	0.005188
633.127075	0.000000	0.005188
633.127808	0.000000	0.004883
633.128479	0.000000	0.004425
633.129150	0.000000	0.004120
633.129883	0.000000	0.004272
633.130554	0.000000	0.003967
633.131226	0.000000	0.003967
633.131958	0.000000	0.003662
633.132629	0.000000	0.003815
633.133362	0.000000	0.003662
633.134033	0.000000	0.003357
633.134705	0.000000	0.003510
633.135437	0.000000	0.003510
633.136108	0.000000	0.003204
633.136780	0.000000	0.003357
633.137512	0.000000	0.003662
633.138184	0.000000	0.002899
633.138916	0.000000	0.003204
633.139587	0.000000	0.003204
633.140259	0.000000	0.003052
633.140991	0.000000	0.003052
633.141663	0.000000	0.003357
633.142334	0.000000	0.000000
633.143066	0.000000	0.000000
633.143738	0.000000	0.000000
633.144470	0.000000	0.000000
633.145142	0.000000	0.000000
633.145813	0.000000	0.000000
633.146545	0.000000	0.000153
633.147217	0.000000	0.000610
633.147888	0.000000	0.001221
633.148621	0.000000	0.001678
633.149292	0.000000	0.001831
633.150024	0.000000	0.002136
633.150696	0.000000	0.001984
633.151367	0.000000	0.002289
633.152100	0.000000	0.002747
633.152771	0.000000	0.002899
633.153442	0.000000	0.002747
633.154175	0.000000	0.002594
