SignalApresFenteSortieJA ET SignalAttenueAvantFenteEntreeJA SANS Cross Talking
22-05-25 13:54:32

LongOnde 	SortieJA 	Ref	
633.000000	0.000000	0.153656
633.000671	0.000000	0.126038
633.001404	0.000000	0.103912
633.002075	0.000000	0.086060
633.002808	0.000000	0.071869
633.003479	0.000000	0.060120
633.004150	0.000000	0.050964
633.004883	0.000000	0.043488
633.005554	0.000000	0.046997
633.006226	0.000000	0.039673
633.006958	0.000000	0.034180
633.007629	0.000000	0.030060
633.008362	0.000000	0.026398
633.009033	0.000000	0.023193
633.009705	0.000000	0.020599
633.010437	0.000000	0.018311
633.011108	0.000000	0.016632
633.011780	0.000000	0.015106
633.012512	0.000000	0.015869
633.013184	0.000000	0.014648
633.013916	0.000000	0.013275
633.014587	0.000000	0.012817
633.015259	0.000000	0.011597
633.015991	0.000000	0.010681
633.016663	0.000000	0.010071
633.017334	0.000000	0.009308
633.018066	0.000000	0.008545
633.018738	0.000000	0.011139
633.019470	0.000000	0.009308
633.020142	0.000000	0.008698
633.020813	0.000000	0.008392
633.021545	0.000000	0.007935
633.022217	0.000000	0.007629
633.022888	0.000000	0.007019
633.023621	0.000000	0.006714
633.024292	0.000000	0.006256
633.025024	0.000000	0.006409
633.025696	0.000000	0.005951
633.026367	0.000000	0.005493
633.027100	0.000000	0.005493
633.027771	0.000000	0.006409
633.028442	0.000000	0.006256
633.029175	0.000000	0.005646
633.029846	0.000000	0.005493
633.030579	0.000000	0.005341
633.031250	0.000000	0.005188
633.031921	0.000000	0.004883
633.032654	0.000000	0.004578
633.033325	0.000000	0.004272
633.034058	0.000000	0.004120
633.034729	0.000000	0.004272
633.035400	0.000000	0.004120
633.036133	0.000000	0.006866
633.036804	0.000000	0.006104
633.037476	0.000000	0.005951
633.038208	0.000000	0.005646
633.038879	0.000000	0.005188
633.039612	0.000000	0.004883
633.040283	0.000000	0.004730
633.040955	0.000000	0.004425
633.041687	0.000000	0.004272
633.042358	0.000000	0.005035
633.043030	0.000000	0.004730
633.043762	0.000000	0.004730
633.044434	0.000000	0.004425
633.045166	0.000000	0.003815
633.045837	0.000000	0.004272
633.046509	0.000000	0.004120
633.047241	0.000000	0.013428
633.047913	0.000000	0.011749
633.048584	0.000000	0.011292
633.049316	0.000000	0.009766
633.049988	0.000000	0.008698
633.050720	0.000000	0.007782
633.051392	0.000000	0.006866
633.052063	0.000000	0.006409
633.052795	0.000000	0.005035
633.053467	0.000000	0.005035
633.054138	0.000000	0.004730
633.054871	0.000000	0.004578
633.055542	0.000000	0.004578
633.056274	0.000000	0.004425
633.056946	0.000458	0.003662
633.057617	0.005798	0.004120
633.058350	0.018463	0.007324
633.059021	0.008545	0.006714
633.059692	0.025635	0.006104
633.060425	0.027618	0.005646
633.061096	0.049438	0.005646
633.061829	0.038300	0.004883
633.062500	0.052490	0.004883
633.063171	0.065918	0.004425
633.063904	0.053253	0.004272
633.064575	0.027008	0.003662
633.065308	0.062103	0.004120
633.065979	0.058899	0.004425
633.066650	0.066376	0.004425
633.067383	0.073242	0.004120
633.068054	0.092773	0.004425
633.068726	0.084381	0.004120
633.069458	0.133972	0.004425
633.070129	0.132904	0.004578
633.070862	0.132599	0.003967
633.071533	0.136261	0.004120
633.072205	0.184631	0.004272
633.072937	0.170593	0.004120
633.073608	0.188599	0.006714
633.074280	0.201874	0.006561
633.075012	0.194702	0.005798
633.075684	0.200653	0.005493
633.076416	0.205078	0.005341
633.077087	0.206299	0.004883
633.077759	0.208282	0.004272
633.078491	0.209961	0.004578
633.079163	0.190430	0.004272
633.079834	0.186005	0.003357
633.080566	0.172577	0.003967
633.081238	0.166321	0.003357
633.081970	0.152893	0.003357
633.082642	0.119934	0.003204
633.083313	0.094299	0.003052
633.084045	0.061951	0.002899
633.084717	0.068207	0.003662
633.085388	0.052643	0.003510
633.086121	0.066833	0.004120
633.086792	0.079346	0.003510
633.087524	0.069427	0.003204
633.088196	0.039215	0.003052
633.088867	0.024109	0.002747
633.089600	0.030212	0.002747
633.090271	0.018921	0.002747
633.090942	0.033875	0.003052
633.091675	0.000000	0.002441
633.092346	0.005493	0.002136
633.093079	0.005188	0.002289
633.093750	0.017853	0.002441
633.094421	0.014801	0.002594
633.095154	0.002594	0.002594
633.095825	0.000000	0.002899
633.096558	0.000000	0.002747
633.097229	0.000000	0.002899
633.097900	0.000000	0.000000
633.098633	0.000000	0.000000
633.099304	0.000000	0.000916
633.099976	0.000000	0.001373
633.100708	0.000000	0.001831
633.101379	0.000000	0.001984
633.102112	0.000000	0.002289
633.102783	0.000000	0.002441
633.103455	0.000000	0.002594
633.104187	0.000000	0.006409
633.104858	0.000000	0.006256
633.105530	0.000000	0.005646
633.106262	0.000000	0.005188
633.106934	0.000000	0.005035
633.107666	0.000000	0.004578
633.108337	0.000000	0.004272
633.109009	0.000000	0.003967
633.109741	0.000000	0.004120
633.110413	0.000000	0.003815
633.111084	0.000000	0.003967
633.111816	0.000000	0.006561
633.112488	0.000000	0.005646
633.113220	0.000000	0.005188
633.113892	0.000000	0.004730
633.114563	0.000000	0.004578
633.115295	0.000000	0.004120
633.115967	0.000000	0.003967
633.116638	0.000000	0.003967
633.117371	0.000000	0.003967
633.118042	0.000000	0.005951
633.118774	0.000000	0.005188
633.119446	0.000000	0.004883
633.120117	0.000000	0.004578
633.120850	0.000000	0.004272
633.121521	0.000000	0.004120
633.122192	0.000000	0.004272
633.122925	0.000000	0.003967
633.123596	0.000000	0.006866
633.124329	0.000000	0.006104
633.125000	0.000000	0.005493
633.125671	0.000000	0.005188
633.126404	0.000000	0.004883
633.127075	0.000000	0.004578
633.127808	0.000000	0.004272
633.128479	0.000000	0.004425
633.129150	0.000000	0.006561
633.129883	0.000000	0.006104
633.130554	0.000000	0.005798
633.131226	0.000000	0.005341
633.131958	0.000000	0.004730
633.132629	0.000000	0.004425
633.133362	0.000000	0.004272
633.134033	0.000000	0.004272
633.134705	0.000000	0.003815
633.135437	0.000000	0.004578
633.136108	0.000000	0.004425
633.136780	0.000000	0.003967
633.137512	0.000000	0.003967
633.138184	0.000000	0.007172
633.138916	0.000000	0.006409
633.139587	0.000000	0.006256
633.140259	0.000000	0.005646
633.140991	0.000000	0.005493
633.141663	0.000000	0.004883
633.142334	0.000000	0.004578
633.143066	0.000000	0.004578
