SignalApresFenteSortieJA ET SignalAttenueAvantFenteEntreeJA SANS Cross Talking
22-05-23 18:27:22

LongOnde 	SortieJA 	Ref	
633.000000	0.000000	0.051422
632.999329	0.000000	0.042114
632.998596	0.000000	0.034485
632.997925	0.000000	0.028839
632.997192	0.000000	0.024109
632.996521	0.000000	0.020447
632.995850	0.000000	0.017700
632.995117	0.000000	0.015411
632.994446	0.000000	0.013428
632.993774	0.000000	0.009918
632.993042	0.000000	0.009003
632.992371	0.000000	0.008545
632.991638	0.000000	0.007935
632.990967	0.000000	0.007324
632.990295	0.000000	0.007019
632.989563	0.000000	0.006866
632.988892	0.000000	0.006409
632.988220	0.000000	0.006104
632.987488	0.000000	0.006104
632.986816	0.000000	0.005646
632.986084	0.000000	0.005493
632.985413	0.000000	0.005341
632.984741	0.000000	0.007629
632.984009	0.000000	0.007172
632.983337	0.000000	0.006409
632.982666	0.000000	0.006409
632.981934	0.000000	0.005951
632.981262	0.000000	0.005493
632.980530	0.000000	0.005951
632.979858	0.000000	0.005493
632.979187	0.000000	0.005341
632.978455	0.000000	0.005188
632.977783	0.000000	0.005035
632.977112	0.000000	0.006256
632.976379	0.000000	0.006409
632.975708	0.000000	0.005951
632.974976	0.000000	0.005493
632.974304	0.000000	0.005035
632.973633	0.000000	0.004883
632.972900	0.000000	0.004425
632.972229	0.000000	0.004120
632.971558	0.000000	0.004272
632.970825	0.000000	0.003510
632.970154	0.000000	0.003662
632.969421	0.000000	0.003662
632.968750	0.000000	0.003357
632.968079	0.000000	0.003510
632.967346	0.000000	0.003662
632.966675	0.000000	0.003967
632.965942	0.000000	0.003815
632.965271	0.000000	0.003815
632.964600	0.000000	0.003815
632.963867	0.000000	0.010529
632.963196	0.000000	0.009308
632.962524	0.000000	0.008087
632.961792	0.000000	0.007324
632.961121	0.000000	0.006256
632.960388	0.000000	0.005951
632.959717	0.000000	0.005188
632.959045	0.000000	0.004883
632.958313	0.000000	0.004425
632.957642	0.000000	0.004425
632.956970	0.000000	0.004120
632.956238	0.000000	0.003815
632.955566	0.000000	0.003662
632.954834	0.000000	0.003662
632.954163	0.000000	0.003662
632.953491	0.000000	0.002441
632.952759	0.000000	0.002594
632.952087	0.000000	0.002747
632.951416	0.000000	0.002441
632.950684	0.000000	0.003052
632.950012	0.000000	0.002594
632.949280	0.000000	0.003204
632.948608	0.000000	0.003204
632.947937	0.000000	0.003204
632.947205	0.000000	0.003357
632.946533	0.000000	0.003204
632.945862	0.000000	0.006409
632.945129	0.000000	0.005493
632.944458	0.000000	0.005035
632.943726	0.000000	0.004730
632.943054	0.000000	0.004272
632.942383	0.000000	0.008087
632.941650	0.000000	0.007324
632.940979	0.000000	0.006714
632.940308	0.000000	0.006256
632.939575	0.000000	0.005341
632.938904	0.000000	0.005035
632.938171	0.000000	0.005035
632.937500	0.000000	0.005035
632.936829	0.000000	0.004272
632.936096	0.000000	0.004120
632.935425	0.000000	0.004120
632.934692	0.000000	0.003815
632.934021	0.000000	0.003510
632.933350	0.000000	0.003510
632.932617	0.000000	0.003357
632.931946	0.000000	0.000000
632.931274	0.000000	0.000000
632.930542	0.000000	0.000153
632.929871	0.000000	0.000610
632.929138	0.000000	0.001221
632.928467	0.000000	0.001526
632.927795	0.000000	0.001373
632.927063	0.000000	0.001526
632.926392	0.000000	0.002136
632.925720	0.000000	0.002441
632.924988	0.000000	0.002136
632.924316	0.000000	0.001831
632.923584	0.000000	0.002441
632.922913	0.000000	0.002594
632.922241	0.000000	0.002594
632.921509	0.000000	0.002441
632.920837	0.000000	0.001373
632.920166	0.000000	0.001526
632.919434	0.000000	0.001526
632.918762	0.000000	0.002136
632.918030	0.000000	0.002136
632.917358	0.000000	0.009003
632.916687	0.000000	0.007629
632.915955	0.000000	0.006714
632.915283	0.000000	0.005646
632.914612	0.000000	0.005493
632.913879	0.000000	0.005341
632.913208	0.000000	0.005035
632.912476	0.000000	0.003662
632.911804	0.000000	0.003662
632.911133	0.000000	0.003662
632.910400	0.000000	0.003510
632.909729	0.000000	0.003204
632.909058	0.000000	0.003052
632.908325	0.000000	0.003052
632.907654	0.000000	0.002899
632.906921	0.000000	0.002747
632.906250	0.000000	0.002899
632.905579	0.000000	0.003204
632.904846	0.000000	0.003204
632.904175	0.000000	0.003510
632.903442	0.000000	0.003357
632.902771	0.000000	0.003815
632.902100	0.000000	0.003662
632.901367	0.000000	0.003510
632.900696	0.000000	0.004120
632.900024	0.000000	0.003662
632.899292	0.000000	0.003815
632.898621	0.000000	0.004120
632.897888	0.000000	0.003815
632.897217	0.000000	0.004120
632.896545	0.000000	0.004730
632.895813	0.000000	0.005035
632.895142	0.000000	0.004425
632.894470	0.000000	0.004120
632.893738	0.000000	0.004272
632.893066	0.000000	0.004272
632.892334	0.001526	0.005646
632.891663	0.010071	0.005188
632.890991	0.009308	0.005188
632.890259	0.026550	0.005035
632.889587	0.032959	0.005035
632.888916	0.027771	0.005035
632.888184	0.057220	0.005035
632.887512	0.057068	0.004730
632.886780	0.060120	0.004578
632.886108	0.043335	0.004578
632.885437	0.100403	0.005341
632.884705	0.081329	0.005341
632.884033	0.077667	0.004425
632.883362	0.085144	0.004272
632.882629	0.132446	0.004730
632.881958	0.126953	0.002594
632.881226	0.156250	0.003204
632.880554	0.155334	0.003204
632.879883	0.156097	0.003357
632.879150	0.154877	0.003204
632.878479	0.157623	0.002441
632.877808	0.149231	0.002747
632.877075	0.151215	0.002594
632.876404	0.152435	0.002747
632.875671	0.143585	0.002594
632.875000	0.146179	0.002747
632.874329	0.125885	0.003052
632.873596	0.113525	0.003052
632.872925	0.077972	0.002747
632.872192	0.091400	0.002747
632.871521	0.085144	0.002441
632.870850	0.078583	0.002747
632.870117	0.074158	0.002747
632.869446	0.043488	0.002594
632.868774	0.048828	0.002747
632.868042	0.036316	0.002441
632.867371	0.033417	0.002441
632.866638	0.033112	0.002747
632.865967	0.032043	0.002441
632.865295	0.044708	0.003052
632.864563	0.021973	0.002747
632.863892	0.031586	0.002899
632.863220	0.018921	0.003204
632.862488	0.000000	0.002747
632.861816	0.000000	0.002899
632.861084	0.000000	0.003052
632.860413	0.000000	0.003204
632.859741	0.000000	0.003510
632.859009	0.000000	0.003052
632.858337	0.000000	0.001984
632.857666	0.000000	0.002289
632.856934	0.000000	0.002289
632.856262	0.000000	0.002441
632.855530	0.000000	0.002747
632.854858	0.000000	0.002594
632.854187	0.000000	0.002747
632.853455	0.000000	0.002899
632.852783	0.000000	0.002747
632.852112	0.000000	0.003052
632.851379	0.000000	0.003662
632.850708	0.000000	0.003204
632.849976	0.000000	0.003052
632.849304	0.000000	0.002747
632.848633	0.000000	0.003052
632.847900	0.000000	0.002747
632.847229	0.000000	0.002747
632.846558	0.000000	0.002594
632.845825	0.000000	0.002747
632.845154	0.000000	0.002594
632.844421	0.000000	0.000000
632.843750	0.000000	0.000000
632.843079	0.000000	0.000000
632.842346	0.000000	0.000000
632.841675	0.000000	0.000000
632.840942	0.000000	0.015717
632.840271	0.000000	0.013275
632.839600	0.000000	0.011597
632.838867	0.000000	0.009918
632.838196	0.000000	0.009155
632.837524	0.000000	0.005951
632.836792	0.000000	0.005798
632.836121	0.000000	0.005493
632.835388	0.000000	0.005188
632.834717	0.000000	0.004883
632.834045	0.000000	0.000000
632.833313	0.000000	0.000000
632.832642	0.000000	0.000000
632.831970	0.000000	0.000000
632.831238	0.000000	0.000000
632.830566	0.000000	0.003967
632.829834	0.000000	0.003815
632.829163	0.000000	0.003510
632.828491	0.000000	0.003815
632.827759	0.000000	0.003204
632.827087	0.000000	0.010681
632.826416	0.000000	0.009460
632.825684	0.000000	0.008545
632.825012	0.000000	0.007324
632.824280	0.000000	0.006714
632.823608	0.000000	0.005798
632.822937	0.000000	0.005035
632.822205	0.000000	0.004730
632.821533	0.000000	0.004425
632.820862	0.000000	0.004120
632.820129	0.000000	0.017242
632.819458	0.000000	0.014648
632.818726	0.000000	0.012360
632.818054	0.000000	0.011139
632.817383	0.000000	0.009613
632.816650	0.000000	0.007935
632.815979	0.000000	0.007324
632.815308	0.000000	0.006104
632.814575	0.000000	0.006104
632.813904	0.000000	0.005493
632.813171	0.000000	0.000000
632.812500	0.000000	0.000000
632.811829	0.000000	0.000000
632.811096	0.000000	0.000000
632.810425	0.000000	0.000610
632.809692	0.000000	0.000916
632.809021	0.000000	0.001068
632.808350	0.000000	0.001526
632.807617	0.000000	0.002136
632.806946	0.000000	0.002136
632.806274	0.000000	0.002441
632.805542	0.000000	0.002441
632.804871	0.000000	0.002289
632.804138	0.000000	0.002747
632.803467	0.000000	0.002899
632.802795	0.000000	0.002899
632.802063	0.000000	0.002594
632.801392	0.000000	0.000000
